version 1
nodes
  0 "nw4f_root"  -1
  1 "AllRoot"   0
  2 "JointRoot"   1
  3 "Hip"   2
  4 "LegL1"   3
  5 "LegL2"   4
  6 "FootL"   5
  7 "ToeL"   6
  8 "LegR1"   3
  9 "LegR2"   8
 10 "FootR"   9
 11 "ToeR"  10
 12 "Spine1"   2
 13 "Spine2"  12
 14 "Head"  13
 15 "BrowCenterL"  14
 16 "BrowCenterR"  14
 17 "BrowInL"  14
 18 "BrowInR"  14
 19 "BrowOutL"  14
 20 "BrowOutR"  14
 21 "CheekBlowUpL"  14
 22 "CheekL02"  21
 23 "CheekBlowUpR"  14
 24 "CheekR02"  23
 25 "CheekL"  14
 26 "CheekR"  14
 27 "EyelidL"  14
 28 "EyelidLowerL"  14
 29 "EyelidLowerR"  14
 30 "EyelidR"  14
 31 "LipUpper"  14
 32 "MouthRoot"  14
 33 "Jaw"  32
 34 "LipLowerCenter"  33
 35 "LipLowerLeft"  33
 36 "LipLowerRight"  33
 37 "ToothBottom"  33
 38 "MouthCornerL"  32
 39 "MouthCornerR"  32
 40 "ToothUpper"  32
 41 "MustacheL01"  14
 42 "MustacheL02"  41
 43 "MustacheL03"  42
 44 "MustacheR01"  14
 45 "MustacheR02"  44
 46 "MustacheR03"  45
 47 "Nose"  14
 48 "Tongue01"  14
 49 "Tongue02"  48
 50 "Tongue03"  49
 51 "EyelidLeftInside"  14
 52 "EyelidLeftOutside"  14
 53 "EyelidLeft_1"  14
 54 "EyelidRightInside"  14
 55 "EyelidRightOutside"  14
 56 "EyelidRight_1"  14
 57 "Cap"  14
 58 "ShoulderL"  13
 59 "ArmL1"  58
 60 "ArmL1Sub"  59
 61 "ArmL2"  59
 62 "ArmL2Sub"  61
 63 "HandL"  61
 64 "IndexFinger1L"  63
 65 "IndexFinger2L"  64
 66 "IndexFinger3L"  65
 67 "LittleFinger1L"  63
 68 "LittleFinger2L"  67
 69 "LittleFinger3L"  68
 70 "MiddleFinger1L"  63
 71 "MiddleFinger2L"  70
 72 "MiddleFinger3L"  71
 73 "ThirdFinger1L"  63
 74 "ThirdFinger2L"  73
 75 "ThirdFinger3L"  74
 76 "Thumb1L"  63
 77 "Thumb2L"  76
 78 "ShoulderR"  13
 79 "ArmR1"  78
 80 "ArmR1Sub"  79
 81 "ArmR2"  79
 82 "ArmR2Sub"  81
 83 "HandR"  81
 84 "IndexFinger1R"  83
 85 "IndexFinger2R"  84
 86 "IndexFinger3R"  85
 87 "LittleFinger1R"  83
 88 "LittleFinger2R"  87
 89 "LittleFinger3R"  88
 90 "MiddleFinger1R"  83
 91 "MiddleFinger2R"  90
 92 "MiddleFinger3R"  91
 93 "ThirdFinger1R"  83
 94 "ThirdFinger2R"  93
 95 "ThirdFinger3R"  94
 96 "Thumb1R"  83
 97 "Thumb2R"  96
 98 "Mario"  -1
end
skeleton
time 0
  0 0.000000 0.000000 0.000000 1.570796 -0.000000 0.000000
  1 0.000000 0.000000 0.000000 0.000000 -0.000000 0.000000
  2 0.000000 58.512703 -3.990591 0.000000 -0.000000 0.000000
  3 0.000000 -1.999996 0.000001 -1.570796 -3.141592 1.570796
  4 4.030003 2.576941 -11.409997 0.000000 -0.000000 0.000000
  5 21.816793 0.000200 -0.000089 0.000000 -0.000000 0.000000
  6 16.459991 0.000003 0.000002 0.000000 0.000000 1.134464
  7 12.170002 0.000003 0.000003 -0.000000 0.000000 0.436332
  8 4.030006 2.576937 11.410001 0.000002 0.000004 -0.000000
  9 21.816797 0.000028 -0.000007 0.000000 -0.000000 0.000000
 10 16.459999 -0.000001 0.000005 -0.000000 0.000000 1.134464
 11 12.170006 0.000002 0.000001 -0.000000 0.000000 0.436332
 12 0.000000 2.000000 0.000000 1.570796 -0.000000 1.570796
 13 11.954094 -0.000000 -0.000000 0.000000 -0.000000 0.000000
 14 25.453598 0.000587 -0.000000 0.000000 0.000000 1.570796
 15 23.749435 -28.105919 9.818734 -3.141592 -0.449583 -0.000000
 16 23.749432 -28.105911 -9.818740 -3.141592 0.449583 -0.000000
 17 25.351887 -22.348999 4.236578 -2.074563 -0.267970 0.000000
 18 25.351887 -22.348999 -4.236584 2.074563 0.267970 0.000000
 19 20.939413 -23.110954 14.658535 1.998950 -0.639317 0.000000
 20 20.939409 -23.110954 -14.658541 -1.998950 0.639317 0.000000
 21 15.299995 -1.120003 9.059993 -3.141592 -1.222761 0.000000
 22 8.099463 -2.798035 6.954309 0.285111 -0.681745 -0.332624
 23 15.299994 -1.120018 -9.060001 -3.141592 1.222761 0.000000
 24 8.099467 -2.798035 -6.954315 -0.285111 0.681745 -0.332624
 25 25.759844 -4.241379 13.410954 -3.141592 -0.000000 -0.000000
 26 25.759794 -4.241745 -13.411000 -3.141592 -0.000000 -0.000000
 27 23.669147 -22.749588 8.508126 -3.141592 -0.000000 -0.000000
 28 23.646807 -9.843407 8.281750 -3.141592 -0.000000 -0.000000
 29 23.646803 -9.843391 -8.280001 -3.141592 -0.000000 -0.000000
 30 23.669193 -22.749725 -8.508142 -3.141592 -0.000000 -0.000000
 31 27.667019 3.011024 -0.000003 -3.141592 -0.000000 -0.000000
 32 -0.100000 -3.598732 -0.000000 -0.000000 -0.000000 0.139626
 33 2.162891 0.300629 0.000000 0.000000 0.000000 -0.000000
 34 24.894409 8.534019 -0.000001 0.000000 0.000000 -0.000000
 35 24.505653 7.529099 4.917888 0.000000 0.000000 -0.000000
 36 24.505659 7.529106 -4.919999 0.000000 0.000000 -0.000000
 37 14.924762 2.159653 -0.000001 -3.141592 -0.000000 0.802851
 38 26.352554 4.007614 7.078248 0.000000 0.000000 -0.000000
 39 26.350006 4.007599 -7.080000 0.000000 0.000000 -0.000000
 40 4.629871 -0.000023 0.000000 -3.141592 0.000000 0.122173
 41 30.875008 -3.000000 0.999996 -0.914860 -1.341024 -2.239650
 42 5.480862 0.000000 -0.000010 0.000000 0.117483 0.103695
 43 6.282129 -0.000015 0.000004 0.000000 0.277110 0.523599
 44 30.874989 -2.999748 -1.000003 -0.914860 -1.341024 0.901943
 45 -5.480969 -0.000656 -0.000076 0.000000 0.117483 0.103695
 46 -6.282101 0.000160 0.000072 -0.000000 0.277110 0.523599
 47 27.462471 -8.000000 -0.000003 0.000000 -0.000000 0.000000
 48 12.510345 4.116257 -0.000001 3.141592 -1.570308 0.000000
 49 0.000000 -0.589424 4.228644 0.000000 -0.000000 0.000000
 50 -0.000000 -1.237442 3.860129 0.000000 -0.000000 0.000000
 51 24.565992 -15.401268 4.319561 -3.141592 0.067424 0.000000
 52 21.380180 -15.403854 12.804885 -3.141592 -0.820569 0.000000
 53 23.986103 -15.985626 9.226886 -3.141592 -0.362245 0.000000
 54 24.565992 -15.401268 -4.319566 -3.141592 -0.067423 -0.000000
 55 21.380177 -15.403854 -12.804891 -3.141592 0.820569 0.000000
 56 23.986099 -15.985611 -9.226892 -3.141592 0.362246 0.000000
 57 4.390000 -20.760002 0.000000 3.141592 -1.570796 0.000000
 58 10.084557 0.690147 3.123570 -1.570796 -1.570451 0.000000
 59 14.446042 0.000000 0.000000 0.000000 0.000000 0.000000
 60 5.370699 0.000000 0.000000 -0.000000 0.000000 0.000000
 61 15.697075 0.000015 0.000001 -0.000000 0.000000 0.000000
 62 6.641327 -0.000008 -0.000005 -0.000000 0.000001 -0.000000
 63 15.610004 0.000008 0.000002 -0.000000 0.000001 -0.000000
 64 16.206146 5.159294 8.970181 0.000000 -0.000000 0.000000
 65 7.835770 0.000000 0.000000 0.000000 -0.000000 0.000000
 66 4.642426 0.000000 0.000000 0.000000 -0.000000 0.000000
 67 16.738052 5.200447 -8.769201 0.000000 -0.000000 0.000000
 68 5.298912 0.000000 0.000004 0.000000 -0.000000 0.000000
 69 4.378548 -0.000008 0.000006 0.000000 -0.000000 0.000000
 70 16.630867 6.798683 3.136096 0.000000 -0.000000 0.000000
 71 8.446739 0.000000 0.000000 0.000000 -0.000000 0.000000
 72 5.623695 0.000000 0.000002 0.000000 -0.000000 0.000000
 73 16.682304 6.272469 -3.480976 0.000000 -0.000000 0.000000
 74 7.545540 0.000000 0.000000 0.000000 -0.000000 0.000000
 75 5.117393 0.000000 0.000000 0.000000 -0.000000 0.000000
 76 11.609009 -4.535339 12.278002 1.570797 -0.536819 0.000000
 77 6.522232 -0.000002 0.000000 0.000000 0.000000 0.000000
 78 10.084557 0.690147 -3.123570 1.570796 1.570451 0.000000
 79 14.446041 0.000000 0.000000 -0.000000 0.000000 0.000000
 80 5.370701 -0.000015 -0.000000 0.000000 0.000000 -0.000000
 81 15.697084 0.000000 -0.000001 0.000000 0.000001 -0.000000
 82 6.641323 -0.000015 0.000005 0.000000 -0.000000 0.000000
 83 15.610001 0.000000 -0.000002 0.000000 -0.000000 0.000000
 84 16.206135 5.159279 -8.970170 0.000000 -0.000000 0.000000
 85 7.835770 0.000015 0.000002 0.000000 -0.000000 0.000000
 86 4.642426 0.000000 0.000001 0.000000 -0.000000 0.000000
 87 16.738033 5.200432 8.769205 0.000000 -0.000000 0.000000
 88 5.298912 0.000000 0.000000 0.000000 -0.000000 0.000000
 89 4.378540 -0.000008 0.000004 0.000000 -0.000000 0.000000
 90 16.630856 6.798668 -3.136089 0.000000 -0.000000 0.000000
 91 8.446739 0.000015 -0.000002 0.000000 -0.000000 0.000000
 92 5.623695 -0.000015 0.000000 0.000000 -0.000000 0.000000
 93 16.682293 6.272453 3.480982 0.000000 -0.000000 0.000000
 94 7.545540 0.000015 0.000002 0.000000 -0.000000 0.000000
 95 5.117386 -0.000015 0.000001 0.000000 -0.000000 0.000000
 96 11.608997 -4.535339 -12.277995 -1.570797 0.536818 -0.000000
 97 6.522221 0.000000 -0.000015 0.000000 -0.000000 0.000000
 98 0.000000 0.000000 0.000000 0.000000 -0.000000 0.000000
end
triangles
MarioBody_alb.png
 98 -15.499157 -18.719839 69.999443 -0.537848 -0.837097 -0.099941 0.863111 0.043412 2 12 0.400000 13 0.600000
 98 -16.653053 -17.422108 69.129532 -0.663200 -0.549519 -0.508129 0.872221 0.037247 2 12 0.400000 13 0.600000
 98 -15.272089 -18.484846 68.970566 -0.420972 -0.720059 -0.551632 0.863111 0.033631 2 12 0.400000 13 0.600000
MarioBody_alb.png
 98 -15.499157 -18.719839 69.999443 -0.537848 -0.837097 -0.099941 0.863111 0.043412 2 12 0.400000 13 0.600000
 98 -15.272089 -18.484846 68.970566 -0.420972 -0.720059 -0.551632 0.863111 0.033631 2 12 0.400000 13 0.600000
 98 -13.783960 -19.307110 69.400085 -0.174131 -0.867411 -0.466129 0.854017 0.037247 2 12 0.400000 13 0.600000
MarioBody_alb.png
 98 -14.514460 -16.543507 75.990669 -0.426429 -0.540023 0.725626 0.863111 0.119158 2 12 0.400000 13 0.600000
 98 -15.430365 -14.884274 76.226944 -0.493850 -0.138961 0.858372 0.872221 0.125185 2 12 0.400000 13 0.600000
 98 -15.987057 -15.751381 75.450417 -0.608430 -0.444211 0.657639 0.872587 0.114076 2 12 0.400000 13 0.600000
MarioBody_alb.png
 98 -13.164774 -17.606239 75.730850 -0.260554 -0.677898 0.687435 0.853651 0.114076 2 12 0.400000 13 0.600000
 98 -12.667715 -16.701385 76.502556 -0.054911 -0.434141 0.899170 0.854017 0.125185 2 12 0.400000 13 0.600000
 98 -14.514460 -16.543507 75.990669 -0.426429 -0.540023 0.725626 0.863111 0.119158 2 12 0.400000 13 0.600000
MarioBody_alb.png
 98 -16.876520 -17.608246 70.264107 -0.719955 -0.692301 -0.048823 0.872587 0.048478 2 12 0.400000 13 0.600000
 98 -15.499157 -18.719839 69.999443 -0.537848 -0.837097 -0.099941 0.863111 0.043412 2 12 0.400000 13 0.600000
 98 -15.506914 -18.578228 71.417831 -0.549785 -0.819195 0.163267 0.863111 0.060761 2 12 0.400000 13 0.600000
MarioBody_alb.png
 98 -16.876520 -17.608246 70.264107 -0.719955 -0.692301 -0.048823 0.872587 0.048478 2 12 0.400000 13 0.600000
 98 -16.653053 -17.422108 69.129532 -0.663200 -0.549519 -0.508129 0.872221 0.037247 2 12 0.400000 13 0.600000
 98 -15.499157 -18.719839 69.999443 -0.537848 -0.837097 -0.099941 0.863111 0.043412 2 12 0.400000 13 0.600000
MarioBody_alb.png
 98 -15.499157 -18.719839 69.999443 -0.537848 -0.837097 -0.099941 0.863111 0.043412 2 12 0.400000 13 0.600000
 98 -13.783960 -19.307110 69.400085 -0.174131 -0.867411 -0.466129 0.854017 0.037247 2 12 0.400000 13 0.600000
 98 -13.973164 -19.505943 70.541702 -0.340473 -0.940091 -0.017543 0.853651 0.048478 2 12 0.400000 13 0.600000
MarioBody_alb.png
 98 -14.514460 -16.543507 75.990669 -0.426429 -0.540023 0.725626 0.863111 0.119158 2 12 0.400000 13 0.600000
 98 -12.667715 -16.701385 76.502556 -0.054911 -0.434141 0.899170 0.854017 0.125185 2 12 0.400000 13 0.600000
 98 -14.004655 -15.696292 76.656067 -0.267972 -0.267972 0.925409 0.863111 0.128801 2 12 0.400000 13 0.600000
MarioBody_alb.png
 98 -14.514460 -16.543507 75.990669 -0.426429 -0.540023 0.725626 0.863111 0.119158 2 12 0.400000 13 0.600000
 98 -14.004655 -15.696292 76.656067 -0.267972 -0.267972 0.925409 0.863111 0.128801 2 12 0.400000 13 0.600000
 98 -15.430365 -14.884274 76.226944 -0.493850 -0.138961 0.858372 0.872221 0.125185 2 12 0.400000 13 0.600000
MarioBody_alb.png
 98 -17.645767 -15.646217 69.382416 -0.473820 0.362232 -0.802672 0.882918 0.041627 2 12 0.400000 13 0.600000
 98 -8.712605 -8.434739 68.729477 0.528028 0.756805 -0.385269 0.863111 0.081224 2 12 0.400000 13 0.600000
 98 -16.483833 -16.887436 68.587769 -0.244450 0.117267 -0.962545 0.873838 0.029480 2 12 0.400000 13 0.600000
MarioBody_alb.png
 98 -14.958181 -18.064030 68.412155 0.033390 -0.091965 -0.995202 0.863111 0.025223 2 12 0.400000 13 0.600000
 98 -8.712605 -8.434739 68.729477 0.528028 0.756805 -0.385269 0.863111 0.081224 2 12 0.400000 13 0.600000
 98 -13.315947 -18.976166 68.884270 0.328686 -0.254288 -0.909562 0.852399 0.029480 2 12 0.400000 13 0.600000
MarioBody_alb.png
 98 15.272089 -18.484846 68.970566 0.420972 -0.720059 -0.551632 0.863111 0.033631 2 12 0.400000 13 0.600000
 98 16.653053 -17.422108 69.129532 0.663200 -0.549519 -0.508129 0.872206 0.037247 2 12 0.400000 13 0.600000
 98 15.499157 -18.719839 69.999443 0.537848 -0.837097 -0.099941 0.863096 0.043397 2 12 0.400000 13 0.600000
MarioBody_alb.png
 98 13.783960 -19.307110 69.400085 0.174131 -0.867411 -0.466129 0.854002 0.037247 2 12 0.400000 13 0.600000
 98 15.272089 -18.484846 68.970566 0.420972 -0.720059 -0.551632 0.863111 0.033631 2 12 0.400000 13 0.600000
 98 15.499157 -18.719839 69.999443 0.537848 -0.837097 -0.099941 0.863096 0.043397 2 12 0.400000 13 0.600000
MarioBody_alb.png
 98 15.987057 -15.751381 75.450417 0.608430 -0.444211 0.657639 0.872572 0.114076 2 12 0.400000 13 0.600000
 98 15.430365 -14.884274 76.226944 0.493850 -0.138961 0.858372 0.872206 0.125185 2 12 0.400000 13 0.600000
 98 14.514460 -16.543507 75.990669 0.426429 -0.540023 0.725626 0.863096 0.119158 2 12 0.400000 13 0.600000
MarioBody_alb.png
 98 14.514460 -16.543507 75.990669 0.426429 -0.540023 0.725626 0.863096 0.119158 2 12 0.400000 13 0.600000
 98 12.667715 -16.701385 76.502556 0.054911 -0.434141 0.899170 0.854002 0.125185 2 12 0.400000 13 0.600000
 98 13.164774 -17.606239 75.730850 0.260554 -0.677898 0.687435 0.853635 0.114076 2 12 0.400000 13 0.600000
MarioBody_alb.png
 98 15.506914
 //위의 첫 13 KB와 아래의 마지막 18 KB이 표시됩니다. 파일의 나머지 3 MB(99%)는 표시되지 않습니다. 
223255 0.251057 3 83 0.101961 90 0.698039 91 0.200000
MarioHand_alb.png
 98 -68.236122 3.295938 92.639481 -0.207443 0.099718 0.973152 0.234424 0.288930 3 83 0.101961 90 0.447059 93 0.450980
 98 -68.260551 3.103782 89.350037 -0.009918 0.999940 -0.004578 0.274846 0.283162 3 83 0.200000 90 0.400000 93 0.400000
 98 -71.045364 3.127404 91.189804 -0.036622 0.972040 0.231941 0.247395 0.250568 3 83 0.400000 90 0.219608 91 0.380392
MarioHand_alb.png
 98 -73.957428 2.142649 92.601311 -0.013731 0.465556 0.884912 0.223377 0.215000 3 83 0.019608 90 0.180392 91 0.800000
 98 -71.126465 2.150492 92.718956 -0.048824 0.401221 0.914679 0.223255 0.251057 3 83 0.101961 90 0.698039 91 0.200000
 98 -73.952377 3.190899 91.208588 0.000000 0.948069 0.318065 0.245777 0.213520 3 83 0.039216 90 0.160784 91 0.800000
MarioHand_alb.png
 98 -71.045364 3.127404 91.189804 -0.036622 0.972040 0.231941 0.247395 0.250568 3 83 0.400000 90 0.219608 91 0.380392
 98 -73.952377 3.190899 91.208588 0.000000 0.948069 0.318065 0.245777 0.213520 3 83 0.039216 90 0.160784 91 0.800000
 98 -71.126465 2.150492 92.718956 -0.048824 0.401221 0.914679 0.223255 0.251057 3 83 0.101961 90 0.698039 91 0.200000
MarioHand_alb.png
 98 -76.629501 2.100537 92.499153 -0.009152 0.481598 0.876344 0.223148 0.181552 2 91 0.800000 92 0.200000
 98 -73.957428 2.142649 92.601311 -0.013731 0.465556 0.884912 0.223377 0.215000 3 83 0.019608 90 0.180392 91 0.800000
 98 -73.952377 3.190899 91.208588 0.000000 0.948069 0.318065 0.245777 0.213520 3 83 0.039216 90 0.160784 91 0.800000
MarioHand_alb.png
 98 -68.260551 3.103782 89.350037 -0.009918 0.999940 -0.004578 0.274846 0.283162 3 83 0.200000 90 0.400000 93 0.400000
 98 -70.969009 3.138748 89.373184 0.000000 0.999436 -0.033570 0.271336 0.249348 3 83 0.400000 90 0.219608 91 0.380392
 98 -71.045364 3.127404 91.189804 -0.036622 0.972040 0.231941 0.247395 0.250568 3 83 0.400000 90 0.219608 91 0.380392
MarioHand_alb.png
 98 -76.613800 3.156045 91.109001 0.000000 0.938902 0.344185 0.245426 0.179919 2 91 0.800000 92 0.200000
 98 -76.629501 2.100537 92.499153 -0.009152 0.481598 0.876344 0.223148 0.181552 2 91 0.800000 92 0.200000
 98 -73.952377 3.190899 91.208588 0.000000 0.948069 0.318065 0.245777 0.213520 3 83 0.039216 90 0.160784 91 0.800000
MarioHand_alb.png
 98 -71.045364 3.127404 91.189804 -0.036622 0.972040 0.231941 0.247395 0.250568 3 83 0.400000 90 0.219608 91 0.380392
 98 -73.950562 3.224324 89.350044 0.002289 0.998359 -0.057218 0.269459 0.211353 3 83 0.019608 90 0.180392 91 0.800000
 98 -73.952377 3.190899 91.208588 0.000000 0.948069 0.318065 0.245777 0.213520 3 83 0.039216 90 0.160784 91 0.800000
MarioHand_alb.png
 98 -76.613800 3.156045 91.109001 0.000000 0.938902 0.344185 0.245426 0.179919 2 91 0.800000 92 0.200000
 98 -73.952377 3.190899 91.208588 0.000000 0.948069 0.318065 0.245777 0.213520 3 83 0.039216 90 0.160784 91 0.800000
 98 -73.950562 3.224324 89.350044 0.002289 0.998359 -0.057218 0.269459 0.211353 3 83 0.019608 90 0.180392 91 0.800000
MarioHand_alb.png
 98 -71.045364 3.127404 91.189804 -0.036622 0.972040 0.231941 0.247395 0.250568 3 83 0.400000 90 0.219608 91 0.380392
 98 -70.969009 3.138748 89.373184 0.000000 0.999436 -0.033570 0.271336 0.249348 3 83 0.400000 90 0.219608 91 0.380392
 98 -73.950562 3.224324 89.350044 0.002289 0.998359 -0.057218 0.269459 0.211353 3 83 0.019608 90 0.180392 91 0.800000
MarioHand_alb.png
 98 -79.574310 3.209929 91.103706 0.007629 0.923720 0.382992 0.244282 0.143114 2 91 0.301961 92 0.698039
 98 -76.629501 2.100537 92.499153 -0.009152 0.481598 0.876344 0.223148 0.181552 2 91 0.800000 92 0.200000
 98 -76.613800 3.156045 91.109001 0.000000 0.938902 0.344185 0.245426 0.179919 2 91 0.800000 92 0.200000
MarioHand_alb.png
 98 -79.576370 2.074167 92.535881 -0.001525 0.490604 0.871381 0.221851 0.145327 2 91 0.301961 92 0.698039
 98 -76.629501 2.100537 92.499153 -0.009152 0.481598 0.876344 0.223148 0.181552 2 91 0.800000 92 0.200000
 98 -79.574310 3.209929 91.103706 0.007629 0.923720 0.382992 0.244282 0.143114 2 91 0.301961 92 0.698039
MarioHand_alb.png
 98 -79.576370 2.074167 92.535881 -0.001525 0.490604 0.871381 0.221851 0.145327 2 91 0.301961 92 0.698039
 98 -79.574310 3.209929 91.103706 0.007629 0.923720 0.382992 0.244282 0.143114 2 91 0.301961 92 0.698039
 98 -82.124458 1.993759 92.488762 -0.037382 0.510552 0.859034 0.220188 0.114855 1 92 1.000000
MarioHand_alb.png
 98 -82.121292 3.217587 91.022980 -0.027466 0.904797 0.424957 0.242206 0.111681 1 92 1.000000
 98 -82.124458 1.993759 92.488762 -0.037382 0.510552 0.859034 0.220188 0.114855 1 92 1.000000
 98 -79.574310 3.209929 91.103706 0.007629 0.923720 0.382992 0.244282 0.143114 2 91 0.301961 92 0.698039
MarioHand_alb.png
 98 -79.574310 3.209929 91.103706 0.007629 0.923720 0.382992 0.244282 0.143114 2 91 0.301961 92 0.698039
 98 -76.613800 3.156045 91.109001 0.000000 0.938902 0.344185 0.245426 0.179919 2 91 0.800000 92 0.200000
 98 -76.620468 3.284639 89.347145 -0.003052 0.996272 -0.086212 0.267750 0.177462 3 90 0.149020 91 0.701960 92 0.149020
MarioHand_alb.png
 98 -76.620468 3.284639 89.347145 -0.003052 0.996272 -0.086212 0.267750 0.177462 3 90 0.149020 91 0.701960 92 0.149020
 98 -76.613800 3.156045 91.109001 0.000000 0.938902 0.344185 0.245426 0.179919 2 91 0.800000 92 0.200000
 98 -73.950562 3.224324 89.350044 0.002289 0.998359 -0.057218 0.269459 0.211353 3 83 0.019608 90 0.180392 91 0.800000
MarioHand_alb.png
 98 -82.121292 3.217587 91.022980 -0.027466 0.904797 0.424957 0.242206 0.111681 1 92 1.000000
 98 -79.574310 3.209929 91.103706 0.007629 0.923720 0.382992 0.244282 0.143114 2 91 0.301961 92 0.698039
 98 -79.574043 3.351802 89.350037 0.009918 0.993641 -0.112153 0.265705 0.140002 1 92 1.000000
MarioHand_alb.png
 98 -79.574043 3.351802 89.350037 0.009918 0.993641 -0.112153 0.265705 0.140002 1 92 1.000000
 98 -79.574310 3.209929 91.103706 0.007629 0.923720 0.382992 0.244282 0.143114 2 91 0.301961 92 0.698039
 98 -76.620468 3.284639 89.347145 -0.003052 0.996272 -0.086212 0.267750 0.177462 3 90 0.149020 91 0.701960 92 0.149020
MarioHand_alb.png
 98 -82.121292 3.217587 91.022980 -0.027466 0.904797 0.424957 0.242206 0.111681 1 92 1.000000
 98 -79.574043 3.351802 89.350037 0.009918 0.993641 -0.112153 0.265705 0.140002 1 92 1.000000
 98 -82.121109 3.500357 89.348518 -0.009155 0.991004 -0.133517 0.261616 0.107607 3 90 0.050980 91 0.200000 92 0.749020
MarioHand_alb.png
 98 -84.588089 3.101901 90.908813 -0.149537 0.882676 0.445558 0.237812 0.080934 1 92 1.000000
 98 -82.121292 3.217587 91.022980 -0.027466 0.904797 0.424957 0.242206 0.111681 1 92 1.000000
 98 -82.121109 3.500357 89.348518 -0.009155 0.991004 -0.133517 0.261616 0.107607 3 90 0.050980 91 0.200000 92 0.749020
MarioHand_alb.png
 98 -79.574043 3.351802 89.350037 0.009918 0.993641 -0.112153 0.265705 0.140002 1 92 1.000000
 98 -76.620468 3.284639 89.347145 -0.003052 0.996272 -0.086212 0.267750 0.177462 3 90 0.149020 91 0.701960 92 0.149020
 98 -79.575241 2.693840 86.706161 -0.040435 0.780314 -0.624079 0.299168 0.134844 2 91 0.498039 92 0.501961
MarioHand_alb.png
 98 -84.588089 3.101901 90.908813 -0.149537 0.882676 0.445558 0.237812 0.080934 1 92 1.000000
 98 -82.121109 3.500357 89.348518 -0.009155 0.991004 -0.133517 0.261616 0.107607 3 90 0.050980 91 0.200000 92 0.749020
 98 -84.587433 3.461789 89.350037 -0.147246 0.974623 -0.168608 0.254444 0.075853 1 92 1.000000
MarioHand_alb.png
 98 -86.544189 2.764889 89.350037 -0.616453 0.778577 -0.117492 0.245212 0.048173 1 92 1.000000
 98 -84.588089 3.101901 90.908813 -0.149537 0.882676 0.445558 0.237812 0.080934 1 92 1.000000
 98 -84.587433 3.461789 89.350037 -0.147246 0.974623 -0.168608 0.254444 0.075853 1 92 1.000000
MarioHand_alb.png
 98 -82.121109 3.500357 89.348518 -0.009155 0.991004 -0.133517 0.261616 0.107607 3 90 0.050980 91 0.200000 92 0.749020
 98 -79.574043 3.351802 89.350037 0.009918 0.993641 -0.112153 0.265705 0.140002 1 92 1.000000
 98 -82.122787 2.642213 86.786163 -0.045779 0.747866 -0.662269 0.293416 0.101747 3 90 0.050980 91 0.200000 92 0.749020
MarioHand_alb.png
 98 -79.574043 3.351802 89.350037 0.009918 0.993641 -0.112153 0.265705 0.140002 1 92 1.000000
 98 -79.575241 2.693840 86.706161 -0.040435 0.780314 -0.624079 0.299168 0.134844 2 91 0.498039 92 0.501961
 98 -82.122787 2.642213 86.786163 -0.045779 0.747866 -0.662269 0.293416 0.101747 3 90 0.050980 91 0.200000 92 0.749020
MarioHand_alb.png
 98 -86.544189 2.764889 89.350037 -0.616453 0.778577 -0.117492 0.245212 0.048173 1 92 1.000000
 98 -84.587433 3.461789 89.350037 -0.147246 0.974623 -0.168608 0.254444 0.075853 1 92 1.000000
 98 -86.545563 2.009381 87.448883 -0.563071 0.596976 -0.571464 0.273259 0.046983 1 92 1.000000
MarioHand_alb.png
 98 -86.544189 2.764889 89.350037 -0.616453 0.778577 -0.117492 0.245212 0.048173 1 92 1.000000
 98 -86.545563 2.009381 87.448883 -0.563071 0.596976 -0.571464 0.273259 0.046983 1 92 1.000000
 98 -87.477509 0.186978 89.350037 -0.999997 0.001956 0.001526 0.263172 0.015045 1 92 1.000000
MarioHand_alb.png
 98 -87.477509 0.186978 89.350037 -0.999997 0.001956 0.001526 0.263172 0.015045 1 92 1.000000
 98 -86.545563 2.009381 87.448883 -0.563071 0.596976 -0.571464 0.273259 0.046983 1 92 1.000000
 98 -86.548874 0.185425 86.661392 -0.569923 0.001955 -0.821696 0.295811 0.035798 1 92 1.000000
MarioHand_alb.png
 98 -84.587433 3.461789 89.350037 -0.147246 0.974623 -0.168608 0.254444 0.075853 1 92 1.000000
 98 -82.121109 3.500357 89.348518 -0.009155 0.991004 -0.133517 0.261616 0.107607 3 90 0.050980 91 0.200000 92 0.749020
 98 -84.589188 2.501206 86.932831 -0.181589 0.717056 -0.672946 0.284077 0.070710 1 92 1.000000
MarioHand_alb.png
 98 -86.545563 2.009381 87.448883 -0.563071 0.596976 -0.571464 0.273259 0.046983 1 92 1.000000
 98 -84.587433 3.461789 89.350037 -0.147246 0.974623 -0.168608 0.254444 0.075853 1 92 1.000000
 98 -84.589188 2.501206 86.932831 -0.181589 0.717056 -0.672946 0.284077 0.070710 1 92 1.000000
MarioHand_alb.png
 98 -86.545563 2.009381 87.448883 -0.563071 0.596976 -0.571464 0.273259 0.046983 1 92 1.000000
 98 -84.589188 2.501206 86.932831 -0.181589 0.717056 -0.672946 0.284077 0.070710 1 92 1.000000
 98 -86.548874 0.185425 86.661392 -0.569923 0.001955 -0.821696 0.295811 0.035798 1 92 1.000000
MarioHand_alb.png
 98 -82.121109 3.500357 89.348518 -0.009155 0.991004 -0.133517 0.261616 0.107607 3 90 0.050980 91 0.200000 92 0.749020
 98 -82.122787 2.642213 86.786163 -0.045779 0.747866 -0.662269 0.293416 0.101747 3 90 0.050980 91 0.200000 92 0.749020
 98 -84.589188 2.501206 86.932831 -0.181589 0.717056 -0.672946 0.284077 0.070710 1 92 1.000000
MarioHand_alb.png
 98 -86.548874 0.185425 86.661392 -0.569923 0.001955 -0.821696 0.295811 0.035798 1 92 1.000000
 98 -84.589188 2.501206 86.932831 -0.181589 0.717056 -0.672946 0.284077 0.070710 1 92 1.000000
 98 -84.593399 0.182150 85.931580 -0.205927 0.007810 -0.978536 0.312840 0.059632 1 92 1.000000
MarioHand_alb.png
 98 -84.589188 2.501206 86.932831 -0.181589 0.717056 -0.672946 0.284077 0.070710 1 92 1.000000
 98 -82.122787 2.642213 86.786163 -0.045779 0.747866 -0.662269 0.293416 0.101747 3 90 0.050980 91 0.200000 92 0.749020
 98 -84.593399 0.182150 85.931580 -0.205927 0.007810 -0.978536 0.312840 0.059632 1 92 1.000000
MarioHand_alb.png
 98 -82.122787 2.642213 86.786163 -0.045779 0.747866 -0.662269 0.293416 0.101747 3 90 0.050980 91 0.200000 92 0.749020
 98 -82.125641 0.169363 85.644226 -0.096220 0.025473 -0.995034 0.326070 0.092760 3 90 0.050980 91 0.200000 92 0.749020
 98 -84.593399 0.182150 85.931580 -0.205927 0.007810 -0.978536 0.312840 0.059632 1 92 1.000000
MarioHand_alb.png
 98 -82.122787 2.642213 86.786163 -0.045779 0.747866 -0.662269 0.293416 0.101747 3 90 0.050980 91 0.200000 92 0.749020
 98 -79.575241 2.693840 86.706161 -0.040435 0.780314 -0.624079 0.299168 0.134844 2 91 0.498039 92 0.501961
 98 -82.125641 0.169363 85.644226 -0.096220 0.025473 -0.995034 0.326070 0.092760 3 90 0.050980 91 0.200000 92 0.749020
MarioHand_alb.png
 98 -79.575241 2.693840 86.706161 -0.040435 0.780314 -0.624079 0.299168 0.134844 2 91 0.498039 92 0.501961
 98 -79.579865 0.150418 85.408417 -0.100724 0.052884 -0.993508 0.334783 0.127611 2 91 0.498039 92 0.501961
 98 -82.125641 0.169363 85.644226 -0.096220 0.025473 -0.995034 0.326070 0.092760 3 90 0.050980 91 0.200000 92 0.749020
MarioHand_alb.png
 98 -79.575241 2.693840 86.706161 -0.040435 0.780314 -0.624079 0.299168 0.134844 2 91 0.498039 92 0.501961
 98 -76.617584 2.768597 86.519882 -0.051891 0.801883 -0.595224 0.304097 0.173358 3 90 0.121569 91 0.729411 92 0.149020
 98 -79.579865 0.150418 85.408417 -0.100724 0.052884 -0.993508 0.334783 0.127611 2 91 0.498039 92 0.501961
MarioHand_alb.png
 98 -79.575241 2.693840 86.706161 -0.040435 0.780314 -0.624079 0.299168 0.134844 2 91 0.498039 92 0.501961
 98 -76.620468 3.284639 89.347145 -0.003052 0.996272 -0.086212 0.267750 0.177462 3 90 0.149020 91 0.701960 92 0.149020
 98 -76.617584 2.768597 86.519882 -0.051891 0.801883 -0.595224 0.304097 0.173358 3 90 0.121569 91 0.729411 92 0.149020
MarioHand_alb.png
 98 -76.617584 2.768597 86.519882 -0.051891 0.801883 -0.595224 0.304097 0.173358 3 90 0.121569 91 0.729411 92 0.149020
 98 -76.620468 3.284639 89.347145 -0.003052 0.996272 -0.086212 0.267750 0.177462 3 90 0.149020 91 0.701960 92 0.149020
 98 -73.950562 3.224324 89.350044 0.002289 0.998359 -0.057218 0.269459 0.211353 3 83 0.019608 90 0.180392 91 0.800000
MarioHand_alb.png
 98 -79.579865 0.150418 85.408417 -0.100724 0.052884 -0.993508 0.334783 0.127611 2 91 0.498039 92 0.501961
 98 -76.617584 2.768597 86.519882 -0.051891 0.801883 -0.595224 0.304097 0.173358 3 90 0.121569 91 0.729411 92 0.149020
 98 -76.628517 0.126023 85.019318 -0.101495 0.074279 -0.992059 0.342641 0.167529 3 90 0.180392 91 0.670588 92 0.149020
MarioHand_alb.png
 98 -76.617584 2.768597 86.519882 -0.051891 0.801883 -0.595224 0.304097 0.173358 3 90 0.121569 91 0.729411 92 0.149020
 98 -73.950562 3.224324 89.350044 0.002289 0.998359 -0.057218 0.269459 0.211353 3 83 0.019608 90 0.180392 91 0.800000
 98 -73.951111 2.918038 86.442734 -0.019836 0.824096 -0.566103 0.306676 0.207782 3 83 0.109804 90 0.490196 91 0.400000
MarioHand_alb.png
 98 -76.628517 0.126023 85.019318 -0.101495 0.074279 -0.992059 0.342641 0.167529 3 90 0.180392 91 0.670588 92 0.149020
 98 -76.617584 2.768597 86.519882 -0.051891 0.801883 -0.595224 0.304097 0.173358 3 90 0.121569 91 0.729411 92 0.149020
 98 -73.951111 2.918038 86.442734 -0.019836 0.824096 -0.566103 0.306676 0.207782 3 83 0.109804 90 0.490196 91 0.400000
MarioHand_alb.png
 98 -73.951111 2.918038 86.442734 -0.019836 0.824096 -0.566103 0.306676 0.207782 3 83 0.109804 90 0.490196 91 0.400000
 98 -73.950562 3.224324 89.350044 0.002289 0.998359 -0.057218 0.269459 0.211353 3 83 0.019608 90 0.180392 91 0.800000
 98 -70.969009 3.138748 89.373184 0.000000 0.999436 -0.033570 0.271336 0.249348 3 83 0.400000 90 0.219608 91 0.380392
MarioHand_alb.png
 98 -76.628517 0.126023 85.019318 -0.101495 0.074279 -0.992059 0.342641 0.167529 3 90 0.180392 91 0.670588 92 0.149020
 98 -73.951111 2.918038 86.442734 -0.019836 0.824096 -0.566103 0.306676 0.207782 3 83 0.109804 90 0.490196 91 0.400000
 98 -73.956223 0.113884 84.800468 -0.036615 0.096093 -0.994699 0.347814 0.202472 3 83 0.109804 90 0.490196 91 0.400000
MarioHand_alb.png
 98 -73.956223 0.113884 84.800468 -0.036615 0.096093 -0.994699 0.347814 0.202472 3 83 0.109804 90 0.490196 91 0.400000
 98 -73.951111 2.918038 86.442734 -0.019836 0.824096 -0.566103 0.306676 0.207782 3 83 0.109804 90 0.490196 91 0.400000
 98 -71.017288 0.209250 84.918991 -0.097683 0.123616 -0.987511 0.349599 0.240528 3 83 0.321569 90 0.478431 91 0.200000
MarioHand_alb.png
 98 -73.951111 2.918038 86.442734 -0.019836 0.824096 -0.566103 0.306676 0.207782 3 83 0.109804 90 0.490196 91 0.400000
 98 -70.969009 3.138748 89.373184 0.000000 0.999436 -0.033570 0.271336 0.249348 3 83 0.400000 90 0.219608 91 0.380392
 98 -70.778740 2.980680 86.424988 -0.055669 0.853224 -0.518564 0.309957 0.248524 3 83 0.321569 90 0.478431 91 0.200000
MarioHand_alb.png
 98 -71.017288 0.209250 84.918991 -0.097683 0.123616 -0.987511 0.349599 0.240528 3 83 0.321569 90 0.478431 91 0.200000
 98 -73.951111 2.918038 86.442734 -0.019836 0.824096 -0.566103 0.306676 0.207782 3 83 0.109804 90 0.490196 91 0.400000
 98 -70.778740 2.980680 86.424988 -0.055669 0.853224 -0.518564 0.309957 0.248524 3 83 0.321569 90 0.478431 91 0.200000
MarioHand_alb.png
 98 -70.778740 2.980680 86.424988 -0.055669 0.853224 -0.518564 0.309957 0.248524 3 83 0.321569 90 0.478431 91 0.200000
 98 -70.969009 3.138748 89.373184 0.000000 0.999436 -0.033570 0.271336 0.249348 3 83 0.400000 90 0.219608 91 0.380392
 98 -68.260551 3.103782 89.350037 -0.009918 0.999940 -0.004578 0.274846 0.283162 3 83 0.200000 90 0.400000 93 0.400000
MarioHand_alb.png
 98 -71.017288 0.209250 84.918991 -0.097683 0.123616 -0.987511 0.349599 0.240528 3 83 0.321569 90 0.478431 91 0.200000
 98 -70.778740 2.980680 86.424988 -0.055669 0.853224 -0.518564 0.309957 0.248524 3 83 0.321569 90 0.478431 91 0.200000
 98 -68.561447 0.349201 84.249916 -0.624786 0.087902 -0.775833 0.356176 0.271916 4 83 0.494118 84 0.101961 90 0.301961 91 0.101961
MarioHand_alb.png
 98 -70.778740 2.980680 86.424988 -0.055669 0.853224 -0.518564 0.309957 0.248524 3 83 0.321569 90 0.478431 91 0.200000
 98 -68.260551 3.103782 89.350037 -0.009918 0.999940 -0.004578 0.274846 0.283162 3 83 0.200000 90 0.400000 93 0.400000
 98 -67.912735 3.142653 86.178055 -0.598661 0.203097 -0.774827 0.314824 0.284916 3 83 0.200000 90 0.400000 93 0.400000
MarioHand_alb.png
 98 -70.778740 2.980680 86.424988 -0.055669 0.853224 -0.518564 0.309957 0.248524 3 83 0.321569 90 0.478431 91 0.200000
 98 -67.912735 3.142653 86.178055 -0.598661 0.203097 -0.774827 0.314824 0.284916 3 83 0.200000 90 0.400000 93 0.400000
 98 -68.561447 0.349201 84.249916 -0.624786 0.087902 -0.775833 0.356176 0.271916 4 83 0.494118 84 0.101961 90 0.301961 91 0.101961
end
//파일 정보
//파일 이름:	Mario.SMD
//파일 형식:	text file
//파일 크기:	3 MB
//파일 날짜:	2018. 3. 30. 오전 7:52:53
//Saxony-Anhalt 및 유럽 기금 EFRE의 지원
//FILExt 정보